0.0 175615.0 8181.585270618598 1280.7961856740435 2507.076420560316 968.2 231.6 965.2 1220.3999999999999 122.60000000000002 817.8000000000001 237.77316077770396 5118.335804664333 160.39999999999998 155.7361284688806 73.6
61731.5 0.0 18361.4 2939.0 3038.1999999999994 1454.0000000000002 167.2 877.3999999999999 1636.2 31.4 1221.6 171.7 908.7 148.8 128.39999999999998 36.400000000000006
12802.603819327915 95755.3 0.0 117693.98167172332 74170.7056387471 12321.465359281205 857.1523840414136 3043.4 3735.647202150286 128.0 2500.7 733.5176442385829 1939.965312622425 713.642744310514 6966.395762382146 3255.242907483279
743.0 4628.0 34456.1 0.0 1074.4 263.6000000000001 50.0 233.8 290.8 6.200000000000001 220.2 32.4 67.60000000000001 35.199999999999996 44.4 52.199999999999996
1794.405459884117 3820.4000000000005 74239.2036078128 1069.743617758763 0.0 36931.64253226984 26377.802426230744 8010.342859649328 9594.843411480288 637.2958013156492 3926.4 857.4000000000002 327.99999999999994 982.1999999999999 619.8872393527715 730.1788192034904
523.8 1352.6000000000001 10454.856766420795 170.4 28329.83783006289 0.0 52888.20215445232 48282.42385182518 28721.356200336955 1008.6442020979274 1598.2 279.79999999999995 91.79999999999998 507.8572198319416 344.47674864171756 6040.476147150699
326.19999999999993 440.8 875.3543996093988 99.0 59737.39631760627 104006.0038116194 0.0 86892.51758470804 3288.072372256182 26740.353479997277 632.5999999999999 131.59999999999997 58.6 212.8 94.99999999999999 150.51316943757578
639.4 1227.2 1969.3999999999999 231.59999999999997 8435.069666414021 37215.290966124005 42232.05403640208 0.0 77254.21868730123 1318.0359439792528 1908.2 366.0 139.2 794.4512601695855 240.0 525.9494405166348
813.8000000000001 1711.9999999999998 2575.84284631418 342.4 8957.039891857059 42137.27161565862 1999.639389954032 92627.14923821938 0.0 313.89418119504944 2574.8 456.4073162652289 150.2 2457.353392303571 374.58352963248126 7440.382197342602
36.6 70.8 148.4 14.6 1212.4356124291544 1566.6585945180002 16767.791739033015 2151.9290455267815 775.9315669372481 0.0 134.20000000000002 63.327437690434685 2.1999999999999997 67.4 76.8 54.599999999999994
643.6 1721.6 2266.1000000000004 227.6 4462.6 2574.9999999999995 456.4 1825.8 3350.2 123.6 0.0 87426.5 1211.7 2891.0 1854.0 361.6
666.8706470725276 815.6999999999999 1739.1723974783863 98.0 2057.2000000000003 921.2 245.6 998.5999999999999 1439.2613826994245 66.6 220394.5 0.0 5496.121094048232 14398.324364536968 5837.971059865051 519.5482541956476
18318.753326619517 5103.4 3838.4527994940313 289.018570821976 1000.0000000000001 325.2 116.39999999999999 406.8 606.6 38.8 3497.3 5673.105380217674 0.0 438.4 704.9053796975284 162.60000000000002
284.6 506.59999999999997 1349.4557489032263 103.60000000000002 2554.4 1570.7363376980718 387.8 2186.1 10970.660146135313 73.4 5259.7 13467.116666001843 244.39999999999998 0.0 22256.533470228504 13987.79931975715
389.2509139860172 601.7 34386.52438318327 110.24569939064564 2132.3302293442175 1287.8146793877513 287.6 950.5999999999999 1892.0765000245456 53.400000000000006 4458.5 7803.702731494855 466.6033626286114 32026.613375421257 0.0 12909.994512781454
160.60000000000002 224.8 11325.602436055575 55.60000000000001 1815.76641459833 16860.082824189696 394.54393902254947 1356.4726912449166 26112.53747370131 61.6 718.0000000000001 472.44407617407967 116.39999999999999 18244.99676970095 8651.721957728003 0.0
