0.0 21822.36 5959.5199999999995 1026.6399999999999 4932.880000000001 2679.2799999999997 600.9599999999998 1264.5199999999998 2867.0799999999995 112.67999999999999 4419.5599999999995 863.8799999999998 2629.199999999999 913.9599999999998 388.1199999999999 375.59999999999997
22711.28 0.0 19255.76 5684.08 15524.800000000001 9602.84 1514.92 5333.5199999999995 9452.600000000002 262.92 21046.12 1427.2799999999997 4119.08 2816.9999999999995 1314.6000000000001 688.5999999999999
5871.879999999999 18942.759999999995 0.0 11330.6 22623.639999999996 10466.72 1577.5199999999995 4707.52 7286.639999999999 225.36 14009.88 1439.7999999999997 1852.96 3856.16 5321.0 1652.6399999999999
1289.5599999999997 5421.16 11180.36 0.0 4119.079999999999 1715.2399999999998 425.67999999999995 638.5199999999999 1277.0399999999995 50.08 2416.36 250.4 212.83999999999997 475.76 200.32000000000002 237.88
5120.679999999999 16188.359999999999 21834.88 4094.0400000000004 0.0 41078.12 20582.88 21334.080000000005 27068.24000000001 1389.7200000000003 32464.360000000004 2228.5599999999995 1627.6000000000001 6122.28 1953.12 3117.479999999999
2754.4 9177.16 10366.560000000003 1777.8400000000001 39650.84000000001 0.0 23662.8 32839.960000000014 34542.68000000004 1815.3999999999999 23475.0 2416.3599999999997 1277.04 6748.280000000001 2353.76 4068.999999999999
826.3199999999998 1239.48 1665.1599999999999 275.44 20407.600000000002 24000.840000000004 0.0 17064.760000000002 7011.200000000001 3443.0 3918.7599999999998 312.99999999999994 287.96000000000004 939.0 388.12 701.1199999999999
1302.08 5358.56 5045.56 713.6399999999999 21546.919999999995 34041.880000000005 17277.6 0.0 41366.08 1239.48 13070.880000000001 1239.48 964.04 3881.2 688.6 2028.2399999999998
2654.2400000000002 9377.480000000001 6923.5599999999995 1377.1999999999998 27644.16 34292.280000000006 7261.599999999999 41140.72 0.0 913.9599999999999 29271.76 2216.04 1314.6 8826.599999999999 2266.12 5058.08
50.08 275.44000000000005 175.27999999999997 87.64 1427.2799999999997 1715.24 3054.879999999999 1289.56 1014.12 0.0 776.2400000000001 12.52 37.56 125.2 62.6 87.64
4043.96 21622.04 13571.68 2341.24 32289.08 24301.32 4006.399999999999 13458.999999999998 30498.719999999998 713.6400000000001 0.0 54161.520000000004 7699.8 17390.280000000002 7249.08 4407.040000000001
550.88 1765.32 1377.1999999999998 262.92 2178.48 2441.3999999999996 313.0 1064.2 2353.7599999999998 37.56 51144.2 0.0 2816.9999999999995 3893.72 1677.68 663.5600000000001
2641.7199999999993 4119.08 1665.1599999999999 325.52 1627.6 1527.4399999999998 125.2 1089.24 1702.72 25.04 7687.28 2378.7999999999997 0.0 1827.9200000000003 763.72 413.15999999999997
801.2799999999999 2741.8799999999997 3417.959999999999 438.2 6698.200000000002 6084.720000000001 1001.6000000000001 3668.3599999999997 8764.0 200.32 17315.159999999996 4156.64 1777.8400000000001 0.0 6723.24 5220.839999999998
350.55999999999995 1126.8 5033.039999999999 325.52 1777.84 2303.68 425.67999999999995 901.4399999999999 2253.6000000000004 100.15999999999998 6873.4800000000005 1477.36 1039.16 6497.88 0.0 2203.52
425.68000000000006 813.8 1552.48 175.27999999999997 3167.5599999999995 4294.36 575.9199999999998 2266.12 5170.76 100.16 4356.959999999999 751.2000000000002 638.5200000000001 4807.679999999999 2266.1199999999994 0.0
